0 0.11171875 0.6421875 0.13671875 0.0734375
0 0.1171875 0.54453125 0.115625 0.0734375
0 0.06640625 0.8109375 0.1328125 0.275
0 0.2546875 0.8046875 0.16015625 0.1484375
0 0.2609375 0.64140625 0.10390625 0.140625
0 0.25859375 0.48671875 0.09375 0.0578125
0 0.3546875 0.3421875 0.059375 0.13046875
0 0.359375 0.5078125 0.08203125 0.0765625
0 0.3859375 0.59921875 0.07578125 0.04453125
0 0.46015625 0.85 0.24453125 0.3
0 0.64609375 0.78203125 0.29609375 0.225
0 0.50625 0.45546875 0.16484375 0.13046875
0 0.6546875 0.4140625 0.08125 0.06328125
0 0.64453125 0.5765625 0.18828125 0.1421875
0 0.840625 0.62890625 0.08046875 0.0921875
0 0.9125 0.83203125 0.17421875 0.1328125
0 0.84375 0.94296875 0.3125 0.11328125
0 0.5890625 0.67109375 0.35625 0.6578125