0 0.06796875 0.46484375 0.1359375 0.10703125
0 0.3578125 0.43203125 0.0875 0.090625
0 0.409375 0.2796875 0.0421875 0.01171875
0 0.56328125 0.27421875 0.11953125 0.12734375
0 0.67890625 0.303125 0.125 0.0546875
0 0.65078125 0.378125 0.1328125 0.08359375
0 0.76015625 0.3703125 0.0609375 0.05625
0 0.7453125 0.46328125 0.0875 0.115625
0 0.60703125 0.5234375 0.07890625 0.10234375
0 0.49765625 0.56875 0.10625 0.0984375
0 0.41875 0.69453125 0.18203125 0.19921875
0 0.68359375 0.66796875 0.22890625 0.109375
0 0.815625 0.41328125 0.2875 0.36484375
0 0.69453125 0.875 0.23828125 0.2453125
0 0.88515625 0.596875 0.2296875 0.80625